0.1193672056
0.3426139602
0.4444451151
0.4212500814
0.3626034223
0.3368449981
0.3391792645
0.3383161399
0.3280017313
0.3203913261
0.3176601675
0.3113453822
0.3002454392
0.2940352187
0.2999577910
0.3131976584
0.3215067882
0.3166857751
0.3008603684
0.2830459230
0.2711735659
0.2672816652
0.2684914956
0.2707817244
0.2712608742
0.2676600307
0.2577863998
0.2414873308
0.2232617766
0.2113598346
0.2122381260
0.2244353854
0.2381676545
0.2425308416
0.2343852277
0.2207695860
0.2124700695
0.2140954543
0.2198244470
0.2200560515
0.2134031009
0.2107645028
0.2244057188
0.2524829946
0.2783635909
0.2879063411
0.2840764928
0.2815526720
0.2904575222
0.3091113683
0.3298845553
0.3471661616
0.3590060306
0.3644408583
0.3632217315
0.3590246955
0.3591226768
0.3670486996
0.3770706151
0.3795309924
0.3714554745
0.3597780297
0.3544883337
0.3600958317
0.3733660618
0.3871103959
0.3940059569
0.3877530740
0.3658834454
0.3354222914
0.3122267202
0.3082846317
0.3189048171
0.3258010782
0.3141386834
0.2861670004
0.2582875973
0.2451527930
0.2470025022
0.2518477826
0.2475612865
0.2309852463
0.2082329165
0.1889497382
0.1790377275
0.1758866293
0.1701942499
0.1544385034
0.1307439271
0.1100589242
0.1030241723
0.1110126988
0.1254755018
0.1355695366
0.1357484757
0.1263629239
0.1098064709
0.0888480934
0.0680970416
0.0542848847
0.0529768161
0.0643930457
0.0828272750
0.1000844423
0.1081452520
0.0989402833
0.0670409651
0.0182995919
-0.0262732220
-0.0428949800
-0.0253123828
0.0084891823
0.0312701391
0.0284143222
0.0061777431
-0.0186471992
-0.0344659951
-0.0412698410
-0.0456040729
-0.0519883875
-0.0584626345
-0.0585960773
-0.0473149551
-0.0257473612
-0.0014983880
0.0157055455
0.0196979531
0.0112876658
-0.0017496216
-0.0078646488
0.0020148640
0.0275526569
0.0573131932
0.0757886448
0.0743130762
0.0569926969
0.0373895852
0.0288796255
0.0354872641
0.0495013663
0.0580053528
0.0536192117
0.0398554496
0.0260218446
0.0178715595
0.0139821623
0.0099556728
0.0044642693
0.0010039431
0.0042526048
0.0147204496
0.0267114796
0.0321172607
0.0276275818
0.0189091965
0.0170647985
0.0297982252
0.0548686758
0.0816623456
0.0995483206
0.1052732750
0.1031894378
0.1001182009
0.1007890472
0.1064968540
0.1158374176
0.1262803447
0.1359087681
0.1440476753
0.1500928038
0.1521326008
0.1475133916
0.1351927750
0.1176997404
0.1008396239
0.0908634662
0.0903961839
0.0958946570
0.0996938607
0.0963034668
0.0874131903
0.0801132715
0.0795255720
0.0830083214
0.0822304882
0.0717975929
0.0554446789
0.0429230527
0.0413430472
0.0501910292
0.0638258242
0.0773150205
0.0891654177
0.0990217462
0.1046821742
0.1030684103
0.0939717825
0.0818412991
0.0734301925
0.0733689590
0.0812789260
0.0923546242
0.1005313295
0.1020523787
0.0977373211
0.0928066844
0.0936784869
0.1033248363
0.1190975729
0.1350072218
0.1454670063
0.1469577950
0.1385721259
0.1234083355
0.1086221825
0.1015182827
0.1045489592
0.1142921609
0.1248060389
0.1315425191
0.1329338657
0.1295971087
0.1224921920
0.1117333361
0.0975808677
0.0830567517
0.0746479705
0.0783966674
0.0938907405
0.1122131971
0.1214083123
0.1158622952
0.1006064915
0.0858125712
0.0776485439
0.0751439744
0.0748525965
0.0769919870
0.0863432723
0.1067368096
0.1342104141
0.1560617584
0.1589809974
0.1407593085
0.1138439324
0.0954957258
0.0942663679
0.1060948909
0.1209741417
0.1309849884
0.1330524099
0.1272574019
0.1150014456
0.0992965616
0.0855016300
0.0797315611
0.0848392829
0.0971546216
0.1077852877
0.1086177752
0.0980483799
0.0814492703
0.0669168487
0.0606511862
0.0647865877
0.0774603204
0.0939023893
0.1080854954
0.1151567549
0.1140978254
0.1086995686
0.1054854538
0.1097237146
0.1222573184
0.1390910624
0.1537838461
0.1611894349
0.1603872317
0.1548715076
0.1496029816
0.1468807810
0.1443947154
0.1377157503
0.1256438322
0.1131466292
0.1081073711
0.1142740497
0.1267709391
0.1345357248
0.1284116793
0.1087057281
0.0858132194
0.0726750809
0.0749068604
0.0875742188
0.1014916878
0.1114107707
0.1175782153
0.1220848678
0.1266495694
0.1331395112
0.1434861982
0.1580903518
0.1749918835
0.1910978768
0.2042966263
0.2146478842
0.2238887417
0.2337593742
0.2443944413
0.2540553872
0.2605517114
0.2632802246
0.2642344625
0.2670672284
0.2745131459
0.2855616154
0.2946523956
0.2948800865
0.2839601990
0.2675987358
0.2560305219
0.2561431094
0.2661394129
0.2774517713
0.2820669581
0.2782877907
0.2697477855
0.2598201618
0.2480062757
0.2321234567
0.2135711214
0.1989380833
0.1949234537
0.2018018625
0.2126594035
0.2188873708
0.2162869687
0.2067176515
0.1949121131
0.1840489258
0.1738373651
0.1618408185
0.1461190041
0.1270725501
0.1077684565
0.0931763404
0.0883815206
0.0952223556
0.1089182973
0.1192217433
0.1175889256
0.1041106102
0.0868442279
0.0744460529
0.0696346149
0.0689631715
0.0676016054
0.0634101301
0.0568181598
0.0488508005
0.0408077406
0.0347932699
0.0326646270
0.0343198569
0.0377859882
0.0407983801
0.0419128181
0.0408870022
0.0388799052
0.0376585498
0.0376384491
0.0373167662
0.0355766561
0.0336312330
0.0335006367
0.0356424578
0.0394422017
0.0446528195
0.0503456080
0.0534370789
0.0507730165
0.0432645548
0.0369433698
0.0391197231
0.0526820694
0.0729250698
0.0895347829
0.0932682567
0.0831327574
0.0678309727
0.0592229316
0.0634757182
0.0777623347
0.0941126897
0.1056489689
0.1100823421
0.1092679961
0.1071718199
0.1082741057
0.1156565250
0.1282261500
0.1398918400
0.1434542558
0.1368669552
0.1259015550
0.1197278978
0.1227598247
0.1310456129
0.1373392108
0.1387764387
0.1381990524
0.1383908537
0.1367593128
0.1274519447
0.1094084956
0.0907703838
0.0830719675
0.0906658187
0.1063815935
0.1174344618
0.1156767332
0.1028963673
0.0871536564
0.0750032849
0.0676164578
0.0636046530
0.0639451309
0.0719266818
0.0870385475
0.1007281010
0.1012915735
0.0841709363
0.0572995926
0.0362651991
0.0334872536
0.0502474573
0.0770200559
0.1001368839
0.1092837185
0.1023029025
0.0858444971
0.0709133822
0.0653957740
0.0699809846
0.0812642788
0.0969839552
0.1161956454
0.1352004656
0.1462182377
0.1425599357
0.1261625202
0.1091124842
0.1055834778
0.1205590595
0.1454795583
0.1647287591
0.1676957290
0.1566400190
0.1441261810
0.1424965181
0.1540640006
0.1697945832
0.1771665401
0.1700528113
0.1524113063
0.1341016928
0.1237686114
0.1247735509
0.1359804950
0.1541965581
0.1748524185
0.1917605595
0.1987208075
0.1928635563
0.1767851737
0.1573736152
0.1423543747
0.1375117838
0.1457412582
0.1659423383
0.1911960613
0.2102655401
0.2146518424
0.2052353050
0.1908682465
0.1799827111
0.1737429400
0.1672722857
0.1571088631
0.1464841135
0.1425347822
0.1487531025
0.1607323153
0.1691998121
0.1674632658
0.1568577261
0.1455345478
0.1413413900
0.1446279918
0.1476599382
0.1417202210
0.1250658429
0.1042299617
0.0887147771
0.0847440002
0.0922429876
0.1055147611
0.1164603021
0.1187697612
0.1110484771
0.0971810148
