-0.3285020230
-0.2042127827
-0.1488641245
-0.1613467789
-0.1880277913
-0.1947008930
-0.1953824154
-0.2129892194
-0.2369300107
-0.2319055787
-0.1805906917
-0.1090944282
-0.0691385100
-0.0939389332
-0.1689151988
-0.2453588590
-0.2835658823
-0.2819006727
-0.2641152228
-0.2444465595
-0.2149388386
-0.1694163089
-0.1290745087
-0.1307166017
-0.1865771155
-0.2627883890
-0.3048601105
-0.2860928762
-0.2292397082
-0.1812270063
-0.1705487682
-0.1909857027
-0.2215556041
-0.2527975505
-0.2880140516
-0.3239060303
-0.3428292893
-0.3307056462
-0.2950937046
-0.2573364494
-0.2321805585
-0.2240076050
-0.2382317008
-0.2815574919
-0.3440681325
-0.3903155017
-0.3848229230
-0.3337332861
-0.2917982274
-0.3144127753
-0.4010212334
-0.4926416606
-0.5249214048
-0.4782495507
-0.3823481977
-0.2893423766
-0.2472692427
-0.2806107462
-0.3727856612
-0.4655240906
-0.4948773326
-0.4438202169
-0.3569939908
-0.2967154847
-0.2876037928
-0.3070520589
-0.3204625338
-0.3161731344
-0.3083619876
-0.3128965852
-0.3252015398
-0.3260071124
-0.3074683810
-0.2841964410
-0.2751235298
-0.2838529028
-0.3014828181
-0.3188057400
-0.3286003036
-0.3239427760
-0.3049302910
-0.2866989248
-0.2919962298
-0.3291863449
-0.3786201585
-0.4050985472
-0.3863512523
-0.3318332924
-0.2768075535
-0.2572483645
-0.2842836210
-0.3363503052
-0.3749605170
-0.3732135570
-0.3356048536
-0.2935762051
-0.2799654033
-0.3014148134
-0.3315741823
-0.3346791672
-0.3006942970
-0.2564467992
-0.2392212907
-0.2605992327
-0.2989852602
-0.3251187090
-0.3288662600
-0.3205947898
-0.3130080493
-0.3070703657
-0.2956681813
-0.2776316781
-0.2628846573
-0.2614163828
-0.2724262346
-0.2892503825
-0.3096406060
-0.3336958396
-0.3547496160
-0.3607340594
-0.3465909740
-0.3217921338
-0.3029661087
-0.2993241113
-0.3074783603
-0.3208144869
-0.3390663345
-0.3645866641
-0.3929797335
-0.4136158798
-0.4195254600
-0.4134389934
-0.4033643988
-0.3940247753
-0.3843026688
-0.3727553240
-0.3627259781
-0.3597296249
-0.3653793593
-0.3763807212
-0.3885806999
-0.3991947584
-0.4043599224
-0.3974396862
-0.3750236061
-0.3467541459
-0.3333749351
-0.3476586680
-0.3784247671
-0.3989362706
-0.3911765696
-0.3593807651
-0.3214429420
-0.2912432567
-0.2715970259
-0.2616955956
-0.2634781757
-0.2761991242
-0.2912392608
-0.2999588788
-0.3028737258
-0.3039864932
-0.2998085568
-0.2825708399
-0.2542693512
-0.2309627728
-0.2289996898
-0.2472293685
-0.2659472931
-0.2660837019
-0.2481141190
-0.2303616774
-0.2312178916
-0.2548878329
-0.2906795892
-0.3215245422
-0.3340805488
-0.3259940966
-0.3079495165
-0.2981882307
-0.3092436790
-0.3347382290
-0.3514606745
-0.3414398547
-0.3137772639
-0.2998232180
-0.3223794545
-0.3696590563
-0.4028419455
-0.3921307348
-0.3449462571
-0.2978677761
-0.2832436198
-0.3046835193
-0.3398504635
-0.3610223937
-0.3546422036
-0.3284172183
-0.3031567210
-0.2953831165
-0.3056419864
-0.3227348336
-0.3360988442
-0.3419142665
-0.3409691214
-0.3355914854
-0.3281405944
-0.3191374947
-0.3067190929
-0.2899363540
-0.2724530940
-0.2616559131
-0.2645653742
-0.2846935735
-0.3194610339
-0.3571135815
-0.3777739525
-0.3634421413
-0.3133719168
-0.2533158098
-0.2253500267
-0.2561439018
-0.3275267090
-0.3848763147
-0.3847605627
-0.3344791321
-0.2803284662
-0.2604679650
-0.2755986400
-0.3012507368
-0.3171256091
-0.3217805716
-0.3265766642
-0.3413656769
-0.3651169091
-0.3875206045
-0.3988238946
-0.3985064512
-0.3936652438
-0.3879465660
-0.3740339807
-0.3409449557
-0.2907743622
-0.2473486227
-0.2445989787
-0.3008891298
-0.4009777047
-0.5020250790
-0.5581846951
-0.5453091956
-0.4727131058
-0.3781302989
-0.3071316875
-0.2870185544
-0.3145656483
-0.3678730289
-0.4277562844
-0.4859286175
-0.5362811652
-0.5650664884
-0.5549328106
-0.5008892515
-0.4209198667
-0.3479922253
-0.3101470509
-0.3164358093
-0.3577684705
-0.4166216174
-0.4736892041
-0.5084508498
-0.5032751081
-0.4559026484
-0.3867448053
-0.3270645507
-0.2970482798
-0.2955515533
-0.3095218027
-0.3304727280
-0.3595486418
-0.3967746924
-0.4298514898
-0.4388411184
-0.4135715103
-0.3658402633
-0.3235988234
-0.3113277275
-0.3337655185
-0.3760681665
-0.4168088629
-0.4410904096
-0.4465348019
-0.4422930878
-0.4424138208
-0.4553763104
-0.4752886481
-0.4826198524
-0.4578449366
-0.3997122821
-0.3309694594
-0.2835848683
-0.2770095777
-0.3089326318
-0.3616582520
-0.4133499889
-0.4459199303
-0.4490853705
-0.4223073792
-0.3743928466
-0.3195158660
-0.2706347342
-0.2345244698
-0.2121668856
-0.2034335336
-0.2104595115
-0.2345592177
-0.2687766431
-0.2959505270
-0.2982952778
-0.2707397855
-0.2250204878
-0.1813336972
-0.1557476331
-0.1533216189
-0.1698367215
-0.1969332084
-0.2248798481
-0.2435041123
-0.2449503510
-0.2280998583
-0.2003886779
-0.1739708863
-0.1586871020
-0.1582963781
-0.1724492956
-0.1987483334
-0.2303223898
-0.2544455068
-0.2593058920
-0.2446381368
-0.2244583331
-0.2167550398
-0.2281209993
-0.2480078511
-0.2588687072
-0.2519009983
-0.2332534316
-0.2172111855
-0.2149235457
-0.2282486736
-0.2511818209
-0.2743417919
-0.2880001930
-0.2845134085
-0.2625490441
-0.2308773483
-0.2064403995
-0.2048885009
-0.2291259753
-0.2657933352
-0.2943014771
-0.3014434366
-0.2897455488
-0.2740698295
-0.2702220451
-0.2839736597
-0.3077654304
-0.3270895353
-0.3316854918
-0.3225737275
-0.3097915764
-0.3047949189
-0.3146561109
-0.3397719994
-0.3730153988
-0.4008846847
-0.4092133306
-0.3924624456
-0.3599927160
-0.3317513209
-0.3241988110
-0.3385974966
-0.3626162018
-0.3820704165
-0.3906763908
-0.3907544162
-0.3874749016
-0.3836028791
-0.3789234088
-0.3727995262
-0.3659268223
-0.3597149659
-0.3547797858
-0.3506626209
-0.3470418990
-0.3444749495
-0.3432637459
-0.3420524751
-0.3387550116
-0.3336230682
-0.3309158614
-0.3356278858
-0.3469150726
-0.3558190864
-0.3521916539
-0.3350332851
-0.3152524366
-0.3067785335
-0.3138302392
-0.3275422246
-0.3362078254
-0.3376243751
-0.3398002586
-0.3506698978
-0.3687462545
-0.3835768958
-0.3849067021
-0.3723804685
-0.3574359168
-0.3549487418
-0.3707505852
-0.3962687462
-0.4158713804
-0.4195505383
-0.4088587223
-0.3925616887
-0.3783744539
-0.3686729683
-0.3622496814
-0.3578135191
-0.3549157858
-0.3530671703
-0.3515498816
-0.3492905194
-0.3437093068
-0.3310691377
-0.3103724203
-0.2870087635
-0.2707845789
-0.2690132130
-0.2807705914
-0.2973280318
-0.3083815457
-0.3089521369
-0.3015525007
-0.2924116151
-0.2856281270
-0.2809534218
-0.2768798317
-0.2743351052
-0.2761998979
-0.2843179986
-0.2983558669
-0.3165480632
-0.3355422266
-0.3493870819
-0.3505782461
-0.3346221724
-0.3055467418
-0.2772560858
-0.2676519814
-0.2879384319
-0.3339477994
-0.3862241994
-0.4202978550
-0.4212151297
-0.3927589654
-0.3547510542
-0.3297350155
-0.3283128689
-0.3439907600
-0.3615185651
-0.3715035967
-0.3771875727
-0.3863520766
-0.3978459653
-0.3985707585
-0.3754728728
-0.3311768436
-0.2865363874
-0.2653090332
-0.2752570440
-0.3036951011
-0.3297168207
-0.3401597228
-0.3358125454
-0.3250473563
-0.3133669309
-0.2992544920
-0.2788491254
-0.2535946362
-0.2330500511
-0.2299151578
-0.2514716612
-0.2941424829
-0.3442855494
-0.3839991759
-0.3990477503
-0.3856612128
-0.3528756186
-0.3184839467
-0.2999684230
-0.3052444639
-0.3290463840
-0.3573775946
-0.3765538204
-0.3804259998
-0.3716671015
-0.3576850857
-0.3450230761
-0.3359273776
-0.3281182568
-0.3170491050
